YOL164W	646	NP_014478.1	100.0	646	0.0e+00	1306.2
YOL164W	646	AJT92780.1	99.7	646	0.0e+00	1303.5
YOL164W	646	AJU05032.1	99.5	646	0.0e+00	1301.6
YOL164W	646	AJU05530.1	99.5	646	0.0e+00	1301.2
YOL164W	646	AJT72762.1	99.4	646	0.0e+00	1300.0
YOL164W	646	CAC9901847.1	99.4	646	0.0e+00	1299.3
YOL164W	646	AJU07963.1	99.2	646	0.0e+00	1297.7
YOL164W	646	CAC9924707.1	99.1	646	0.0e+00	1297.3
YOL164W	646	CAC9914509.1	93.7	646	0.0e+00	1204.1
YOL164W	646	QLG72306.1	78.0	642	6.6e-302	1046.6
YOL164W	646	WP_007837899.1	68.2	633	3.2e-256	894.8
YOL164W	646	WP_116911865.1	68.0	632	7.9e-255	890.2
YOL164W	646	WP_093241869.1	68.6	628	1.0e-254	889.8
YOL164W	646	WP_108140783.1	67.9	632	1.3e-254	889.4
YOL164W	646	WP_132801781.1	67.9	632	1.3e-254	889.4
YOL164W	646	WP_184638849.1	67.6	632	2.3e-254	888.6
YOL164W	646	WP_184605932.1	67.7	632	6.7e-254	887.1
YOL164W	646	WP_145759386.1	67.6	632	8.7e-254	886.7
YOL164W	646	WP_093435402.1	67.6	638	1.5e-253	885.9
YOL164W	646	WP_176665552.1	66.6	638	1.9e-253	885.6
YOL164W	646	WP_097197469.1	67.6	633	1.9e-253	885.6
YOL164W	646	WP_093195641.1	67.2	632	2.5e-253	885.2
YOL164W	646	WP_119556153.1	68.1	627	2.5e-253	885.2
YOL164W	646	WP_093174861.1	67.6	633	3.3e-253	884.8
YOL164W	646	WP_126020505.1	67.4	631	4.3e-253	884.4
YOL164W	646	WP_093076613.1	67.6	633	4.3e-253	884.4
YOL164W	646	WP_081267376.1	67.1	633	7.4e-253	883.6
YOL164W	646	WP_132755990.1	67.4	632	9.6e-253	883.2
YOL164W	646	TAJ61793.1	67.9	627	9.6e-253	883.2
YOL164W	646	WP_106936183.1	67.3	633	1.3e-252	882.9
YOL164W	646	WP_126183471.1	67.6	627	1.6e-252	882.5
YOL164W	646	WP_093300535.1	66.9	638	1.6e-252	882.5
YOL164W	646	WP_130421160.1	66.8	632	1.6e-252	882.5
YOL164W	646	ODU15846.1	67.3	633	2.1e-252	882.1
YOL164W	646	WP_153281245.1	68.2	628	2.1e-252	882.1
YOL164W	646	WP_013538622.1	67.2	638	2.8e-252	881.7
YOL164W	646	WP_093057006.1	67.5	633	2.8e-252	881.7
YOL164W	646	WP_052810747.1	67.7	632	2.8e-252	881.7
YOL164W	646	WP_124458460.1	66.9	635	2.8e-252	881.7
YOL164W	646	WP_125952496.1	66.8	638	3.7e-252	881.3
YOL164W	646	WP_062470459.1	68.3	628	3.7e-252	881.3
YOL164W	646	WP_139703542.1	68.2	628	3.7e-252	881.3
YOL164W	646	WP_099794476.1	68.2	628	4.8e-252	880.9
YOL164W	646	WP_056574498.1	67.8	628	1.1e-251	879.8
YOL164W	646	WP_101490554.1	68.0	628	1.8e-251	879.0
YOL164W	646	WP_126472589.1	66.6	638	1.8e-251	879.0
YOL164W	646	WP_070061350.1	68.0	628	2.4e-251	878.6
YOL164W	646	WP_095948515.1	67.8	628	2.4e-251	878.6
YOL164W	646	WP_159274326.1	68.0	628	3.1e-251	878.2
YOL164W	646	WP_187113215.1	67.5	628	3.1e-251	878.2
YOL164W	646	WP_095743122.1	67.8	628	1.2e-250	876.3
YOL164W	646	WP_159278964.1	67.5	628	2.6e-250	875.2
YOL164W	646	WP_172705422.1	67.1	627	7.6e-250	873.6
YOL164W	646	KPU98577.1	67.1	627	7.6e-250	873.6
YOL164W	646	WP_176660984.1	66.9	632	9.9e-250	873.2
YOL164W	646	WP_093343818.1	68.1	615	4.9e-249	870.9
YOL164W	646	WP_145738683.1	66.8	639	1.1e-248	869.8
YOL164W	646	XP_002555886.1	65.5	631	1.4e-248	869.4
YOL164W	646	WP_020722993.1	66.2	636	5.5e-248	867.5
YOL164W	646	SCW03834.1	65.2	626	7.9e-247	863.6
YOL164W	646	XP_018221989.1	64.9	638	7.6e-242	847.0
YOL164W	646	MBS76598.1	66.7	615	1.3e-241	846.3
YOL164W	646	QID88192.1	64.7	638	8.4e-241	843.6
YOL164W	646	WP_093131647.1	64.5	625	4.2e-240	841.3
YOL164W	646	KAF1061273.1	63.6	627	1.1e-229	806.6
YOL164W	646	OQW56345.1	60.3	630	1.5e-221	779.6
YOL164W	646	WP_092831606.1	59.1	626	2.2e-217	765.8
YOL164W	646	WP_175367589.1	57.5	628	3.9e-214	755.0
YOL164W	646	WP_184513838.1	57.5	628	5.2e-214	754.6
YOL164W	646	WP_089261759.1	57.8	628	6.7e-214	754.2
YOL164W	646	WP_120288614.1	56.8	628	7.4e-213	750.7
YOL164W	646	WP_092138970.1	57.0	628	3.1e-211	745.3
YOL164W	646	WP_146690165.1	57.4	643	5.3e-211	744.6
YOL164W	646	WP_100386102.1	57.2	643	1.6e-210	743.0
YOL164W	646	WP_057659955.1	54.7	645	2.6e-210	742.3
YOL164W	646	WP_115033941.1	56.7	633	1.0e-209	740.3
YOL164W	646	WP_149531854.1	57.5	626	1.1e-208	736.9
YOL164W	646	OJY11205.1	57.0	628	4.2e-208	734.9
YOL164W	646	WP_077034059.1	56.9	634	1.2e-207	733.4
YOL164W	646	WP_062313220.1	55.9	632	2.7e-207	732.3
YOL164W	646	WP_019195750.1	55.9	632	4.7e-207	731.5
YOL164W	646	NVN87899.1	56.3	631	8.0e-207	730.7
YOL164W	646	WP_024920006.1	55.7	634	1.8e-206	729.6
YOL164W	646	WP_011665574.1	56.6	629	1.8e-206	729.6
YOL164W	646	MBB5054515.1	55.8	634	2.3e-206	729.2
YOL164W	646	WP_184089169.1	55.8	634	2.3e-206	729.2
YOL164W	646	TXJ10197.1	56.5	634	2.3e-206	729.2
YOL164W	646	WP_046827511.1	55.7	634	2.3e-206	729.2
YOL164W	646	HBR43714.1	55.7	634	3.0e-206	728.8
YOL164W	646	ABD08837.1	55.7	650	3.0e-206	728.8
YOL164W	646	WP_041798938.1	55.7	650	3.0e-206	728.8
YOL164W	646	WP_006021976.1	55.7	628	8.8e-206	727.2
YOL164W	646	WP_110782500.1	56.1	633	8.8e-206	727.2
YOL164W	646	RTL81632.1	55.5	634	1.2e-205	726.9
YOL164W	646	HAQ93654.1	55.5	634	1.2e-205	726.9
YOL164W	646	TAH64925.1	55.9	633	2.0e-205	726.1
YOL164W	646	WP_027475679.1	56.7	626	2.0e-205	726.1
YOL164W	646	NGX94573.1	56.0	634	4.4e-205	724.9
YOL164W	646	WP_027276359.1	56.1	633	5.7e-205	724.5
YOL164W	646	WP_164571151.1	56.7	628	7.5e-205	724.2
YOL164W	646	WP_164638651.1	56.8	628	7.5e-205	724.2
YOL164W	646	WP_107345917.1	56.7	628	9.7e-205	723.8
YOL164W	646	WP_163259863.1	55.8	627	1.7e-204	723.0
YOL164W	646	WP_107356882.1	56.5	628	1.7e-204	723.0
YOL164W	646	WP_136963313.1	56.6	631	1.7e-204	723.0
YOL164W	646	RUP23521.1	55.8	626	1.7e-204	723.0
YOL164W	646	WP_011159875.1	56.8	628	2.8e-204	722.2
YOL164W	646	WP_157443435.1	56.2	626	3.7e-204	721.8
YOL164W	646	WP_012497548.1	56.7	628	3.7e-204	721.8
YOL164W	646	WP_002713184.1	55.4	628	1.8e-203	719.5
YOL164W	646	WP_013504207.1	56.2	628	2.4e-203	719.2
YOL164W	646	WP_008968903.1	56.2	624	4.1e-203	718.4
YOL164W	646	KAB2911669.1	55.0	634	7.0e-203	717.6
YOL164W	646	WP_024577766.1	55.3	628	7.0e-203	717.6
YOL164W	646	WP_119019080.1	56.7	628	7.0e-203	717.6
YOL164W	646	WP_022722993.1	55.6	629	2.0e-202	716.1
YOL164W	646	WP_047308756.1	56.1	628	2.0e-202	716.1
YOL164W	646	WP_164630935.1	56.1	628	2.7e-202	715.7
YOL164W	646	WP_187448402.1	55.3	619	3.5e-202	715.3
YOL164W	646	GBU15266.1	53.5	632	3.5e-202	715.3
YOL164W	646	WP_009734135.1	55.1	628	5.9e-202	714.5
YOL164W	646	WP_151072822.1	53.5	648	3.8e-201	711.8
YOL164W	646	WP_108104178.1	53.1	644	2.5e-200	709.1
YOL164W	646	WP_119858943.1	55.4	628	3.2e-200	708.8
YOL164W	646	WP_017937932.1	53.7	628	4.2e-200	708.4
YOL164W	646	WP_142883484.1	55.7	628	4.2e-200	708.4
YOL164W	646	WP_114359664.1	55.0	631	1.6e-199	706.4
YOL164W	646	WP_089945766.1	53.6	632	3.6e-199	705.3
YOL164W	646	WP_074826082.1	52.8	634	4.7e-199	704.9
YOL164W	646	WP_084803943.1	53.2	628	4.7e-199	704.9
YOL164W	646	OGL20369.1	53.6	631	4.7e-199	704.9
YOL164W	646	WP_074117602.1	53.2	628	6.1e-199	704.5
YOL164W	646	WP_046828790.1	53.5	628	1.0e-198	703.7
YOL164W	646	WP_065748757.1	53.3	628	1.0e-198	703.7
YOL164W	646	WP_161852777.1	53.3	628	1.4e-198	703.4
YOL164W	646	WP_057833547.1	52.7	628	3.0e-198	702.2
YOL164W	646	WP_089717141.1	53.5	628	5.2e-198	701.4
YOL164W	646	WP_171577827.1	52.6	633	6.8e-198	701.0
YOL164W	646	WP_079601315.1	52.2	628	6.8e-198	701.0
YOL164W	646	EGP08750.1	53.0	628	6.8e-198	701.0
YOL164W	646	WP_043924226.1	53.0	628	6.8e-198	701.0
YOL164W	646	WP_138835123.1	52.5	634	8.8e-198	700.7
YOL164W	646	WP_155805222.1	52.9	628	8.8e-198	700.7
YOL164W	646	WP_065756637.1	52.5	634	8.8e-198	700.7
YOL164W	646	WP_002714592.1	53.2	628	1.2e-197	700.3
YOL164W	646	WP_092515866.1	51.6	639	1.2e-197	700.3
YOL164W	646	WP_128961978.1	53.0	628	1.2e-197	700.3
YOL164W	646	WP_128953098.1	53.0	628	1.2e-197	700.3
YOL164W	646	SDP08864.1	51.6	639	1.2e-197	700.3
YOL164W	646	WP_071915975.1	53.0	628	2.0e-197	699.5
YOL164W	646	WP_057859318.1	52.2	634	2.0e-197	699.5
YOL164W	646	WP_065730813.1	53.2	628	2.0e-197	699.5
YOL164W	646	WP_079586579.1	52.5	634	4.4e-197	698.4
YOL164W	646	WP_085404469.1	53.3	628	4.4e-197	698.4
YOL164W	646	WP_063680948.1	53.0	628	5.7e-197	698.0
YOL164W	646	WP_155709830.1	54.2	622	9.8e-197	697.2
YOL164W	646	WP_028347371.1	52.7	628	9.8e-197	697.2
YOL164W	646	PYN74367.1	52.3	627	9.8e-197	697.2
YOL164W	646	WP_092295676.1	52.7	628	9.8e-197	697.2
YOL164W	646	WP_108514566.1	52.7	628	1.3e-196	696.8
YOL164W	646	TMJ47098.1	52.4	636	1.3e-196	696.8
YOL164W	646	WP_063984832.1	52.9	628	1.3e-196	696.8
YOL164W	646	WP_027528936.1	52.6	633	1.7e-196	696.4
YOL164W	646	WP_024518537.1	52.5	628	2.2e-196	696.0
YOL164W	646	WP_145664020.1	52.8	633	2.2e-196	696.0
YOL164W	646	WP_028156991.1	52.5	628	2.2e-196	696.0
YOL164W	646	WP_066731373.1	53.4	627	2.8e-196	695.7
YOL164W	646	WP_100380578.1	51.8	628	2.8e-196	695.7
YOL164W	646	PYM96198.1	52.5	631	2.8e-196	695.7
YOL164W	646	WP_071072555.1	53.0	623	3.7e-196	695.3
YOL164W	646	WP_071038742.1	53.0	623	4.8e-196	694.9
YOL164W	646	WP_007594037.1	52.5	628	4.8e-196	694.9
YOL164W	646	WP_143206068.1	52.5	628	4.8e-196	694.9
YOL164W	646	WP_071018820.1	53.0	623	6.3e-196	694.5
YOL164W	646	WP_146687675.1	51.2	637	6.3e-196	694.5
YOL164W	646	WP_045002869.1	52.1	634	6.3e-196	694.5
YOL164W	646	WP_028150107.1	52.9	628	6.3e-196	694.5
YOL164W	646	WP_148749019.1	51.8	635	1.1e-195	693.7
YOL164W	646	WP_011085536.1	52.7	628	1.4e-195	693.3
YOL164W	646	WP_038965832.1	52.7	628	1.4e-195	693.3
YOL164W	646	QHP72204.1	52.5	628	1.4e-195	693.3
YOL164W	646	WP_161535945.1	52.5	628	1.4e-195	693.3
YOL164W	646	WP_123890502.1	53.1	635	1.4e-195	693.3
YOL164W	646	PYN46404.1	52.9	628	1.4e-195	693.3
YOL164W	646	RZL87373.1	53.9	629	1.4e-195	693.3
YOL164W	646	WP_063691485.1	52.4	633	1.8e-195	693.0
YOL164W	646	WP_063993269.1	52.4	628	1.8e-195	693.0
YOL164W	646	WP_060912981.1	52.4	628	1.8e-195	693.0
YOL164W	646	WP_079544782.1	52.5	629	1.8e-195	693.0
YOL164W	646	WP_063705824.1	52.3	633	1.8e-195	693.0
YOL164W	646	BAR59885.1	52.4	628	1.8e-195	693.0
YOL164W	646	KGJ68294.1	52.4	628	2.4e-195	692.6
YOL164W	646	PZW26129.1	52.9	631	2.4e-195	692.6
YOL164W	646	WP_111324427.1	52.9	631	2.4e-195	692.6
YOL164W	646	WP_028174753.1	52.4	628	2.4e-195	692.6
YOL164W	646	WP_076861029.1	53.4	624	3.1e-195	692.2
YOL164W	646	MAB24835.1	53.1	635	4.1e-195	691.8
YOL164W	646	WP_041955910.1	52.0	633	4.1e-195	691.8
YOL164W	646	MBA2399293.1	52.1	628	4.1e-195	691.8
YOL164W	646	WP_166089364.1	53.0	628	5.4e-195	691.4
YOL164W	646	WP_054162298.1	53.8	628	5.4e-195	691.4
YOL164W	646	MBC9878718.1	52.7	628	5.4e-195	691.4
YOL164W	646	WP_008138438.1	52.7	628	5.4e-195	691.4
YOL164W	646	WP_158669522.1	51.8	633	5.4e-195	691.4
YOL164W	646	TMK39387.1	52.0	637	5.4e-195	691.4
YOL164W	646	WP_128967591.1	52.2	628	5.4e-195	691.4
YOL164W	646	WP_057753835.1	52.2	628	7.0e-195	691.0
YOL164W	646	WP_028135100.1	52.4	628	7.0e-195	691.0
YOL164W	646	WP_057900995.1	53.7	613	7.0e-195	691.0
YOL164W	646	WP_035655465.1	52.9	628	7.0e-195	691.0
YOL164W	646	WP_027550185.1	52.3	633	7.0e-195	691.0
YOL164W	646	WP_057843198.1	52.5	628	7.0e-195	691.0
YOL164W	646	RTM13090.1	52.2	628	9.1e-195	690.6
YOL164W	646	WP_057851642.1	53.7	613	9.1e-195	690.6
YOL164W	646	WP_027568791.1	51.9	634	9.1e-195	690.6
YOL164W	646	WP_130580234.1	51.8	628	9.1e-195	690.6
YOL164W	646	WP_148775460.1	52.4	628	9.1e-195	690.6
YOL164W	646	WP_027516639.1	51.7	634	1.2e-194	690.3
YOL164W	646	WP_085395770.1	51.9	636	1.2e-194	690.3
YOL164W	646	WP_182248855.1	52.8	635	1.6e-194	689.9
YOL164W	646	TKW79521.1	52.1	628	1.6e-194	689.9
YOL164W	646	WP_136868902.1	53.6	625	1.6e-194	689.9
YOL164W	646	WP_061878281.1	52.5	628	1.6e-194	689.9
YOL164W	646	WP_135167913.1	52.1	628	1.6e-194	689.9
YOL164W	646	NVN85223.1	53.4	611	1.6e-194	689.9
YOL164W	646	WP_106942729.1	52.2	628	1.6e-194	689.9
YOL164W	646	WP_182869822.1	52.5	628	1.6e-194	689.9
YOL164W	646	WP_126256569.1	52.1	628	2.0e-194	689.5
YOL164W	646	WP_172134110.1	52.3	635	2.0e-194	689.5
YOL164W	646	WP_166350707.1	51.9	634	2.0e-194	689.5
YOL164W	646	WP_035715237.1	52.0	633	2.7e-194	689.1
YOL164W	646	WP_100419024.1	52.7	628	2.7e-194	689.1
YOL164W	646	WP_172180802.1	52.1	635	2.7e-194	689.1
YOL164W	646	CCD98599.1	53.8	613	2.7e-194	689.1
YOL164W	646	WP_085352090.1	51.9	634	2.7e-194	689.1
YOL164W	646	WP_140980779.1	51.8	628	3.5e-194	688.7
YOL164W	646	WP_150987011.1	53.2	635	4.5e-194	688.3
YOL164W	646	WP_091965654.1	52.2	628	4.5e-194	688.3
YOL164W	646	WP_083726556.1	53.2	619	4.5e-194	688.3
YOL164W	646	EZQ18937.1	53.4	625	5.9e-194	688.0
YOL164W	646	WP_024511517.1	51.8	633	5.9e-194	688.0
YOL164W	646	WP_116319445.1	52.8	623	5.9e-194	688.0
YOL164W	646	THD60673.1	51.4	628	5.9e-194	688.0
YOL164W	646	WP_185267007.1	52.2	628	7.7e-194	687.6
YOL164W	646	WP_168167890.1	52.5	628	7.7e-194	687.6
YOL164W	646	OJY09878.1	53.4	631	7.7e-194	687.6
YOL164W	646	WP_183237909.1	52.1	628	7.7e-194	687.6
YOL164W	646	WP_018322728.1	52.2	628	1.0e-193	687.2
YOL164W	646	WP_172111906.1	52.0	635	1.0e-193	687.2
YOL164W	646	WP_033962854.1	53.4	625	1.0e-193	687.2
YOL164W	646	WP_151642895.1	51.8	628	1.0e-193	687.2
YOL164W	646	WP_015687718.1	51.8	628	1.3e-193	686.8
YOL164W	646	WP_183035411.1	52.9	635	1.3e-193	686.8
YOL164W	646	WP_128939625.1	51.5	633	1.3e-193	686.8
YOL164W	646	WP_092029312.1	52.2	628	1.3e-193	686.8
YOL164W	646	WP_035674808.1	52.0	633	1.3e-193	686.8
YOL164W	646	PYN32128.1	52.5	631	1.3e-193	686.8
YOL164W	646	MBB1634382.1	52.9	635	1.3e-193	686.8
YOL164W	646	WP_028179375.1	52.0	633	1.3e-193	686.8
YOL164W	646	WP_148744709.1	51.9	628	1.3e-193	686.8
YOL164W	646	WP_061999991.1	52.6	629	1.7e-193	686.4
YOL164W	646	WP_069276965.1	51.6	634	1.7e-193	686.4
YOL164W	646	WP_027526029.1	51.8	633	1.7e-193	686.4
YOL164W	646	WP_083842450.1	52.6	635	1.7e-193	686.4
YOL164W	646	WP_061021165.1	51.9	628	1.7e-193	686.4
YOL164W	646	WP_025586346.1	54.0	619	2.3e-193	686.0
YOL164W	646	WP_093476299.1	52.4	634	2.3e-193	686.0
YOL164W	646	WP_104462928.1	52.1	628	2.3e-193	686.0
YOL164W	646	WP_183258594.1	52.1	628	2.3e-193	686.0
YOL164W	646	PKM29133.1	51.5	635	2.3e-193	686.0
YOL164W	646	WP_011439962.1	51.0	637	2.3e-193	686.0
YOL164W	646	WP_128955323.1	51.2	635	2.3e-193	686.0
YOL164W	646	WP_018457146.1	51.7	634	2.3e-193	686.0
YOL164W	646	WP_038931390.1	51.7	634	2.9e-193	685.6
YOL164W	646	WP_135162274.1	52.2	628	2.9e-193	685.6
YOL164W	646	WP_092214970.1	51.4	628	2.9e-193	685.6
YOL164W	646	WP_100175831.1	51.8	628	2.9e-193	685.6
YOL164W	646	WP_092594144.1	54.2	627	2.9e-193	685.6
YOL164W	646	WP_039157276.1	51.7	634	2.9e-193	685.6
YOL164W	646	WP_116388232.1	53.9	618	3.8e-193	685.3
YOL164W	646	GAJ33771.1	51.5	641	3.8e-193	685.3
YOL164W	646	WP_092259760.1	52.1	628	3.8e-193	685.3
YOL164W	646	WP_142250055.1	51.8	628	3.8e-193	685.3
YOL164W	646	WP_172648278.1	51.6	634	5.0e-193	684.9
YOL164W	646	WP_028143098.1	51.7	633	5.0e-193	684.9
YOL164W	646	WP_119419155.1	53.3	628	5.0e-193	684.9
YOL164W	646	WP_116377884.1	53.5	622	5.0e-193	684.9
YOL164W	646	WP_027558441.1	51.3	628	5.0e-193	684.9
YOL164W	646	WP_152103320.1	51.7	633	5.0e-193	684.9
YOL164W	646	WP_179739631.1	52.1	628	5.0e-193	684.9
YOL164W	646	WP_116320039.1	53.5	619	5.0e-193	684.9
YOL164W	646	WP_183231495.1	52.1	628	5.0e-193	684.9
YOL164W	646	WP_062795892.1	53.4	622	6.6e-193	684.5
YOL164W	646	WP_130222300.1	51.4	628	6.6e-193	684.5
YOL164W	646	TMK06221.1	51.3	634	6.6e-193	684.5
YOL164W	646	WP_081889718.1	52.5	629	6.6e-193	684.5
YOL164W	646	WP_062170184.1	52.1	629	6.6e-193	684.5
YOL164W	646	WP_014497078.1	51.7	634	8.6e-193	684.1
YOL164W	646	MBA4036164.1	51.3	636	8.6e-193	684.1
YOL164W	646	WP_129271949.1	52.3	633	8.6e-193	684.1
